AA	C	G	P	S	A	T	D	E	N	Q	H	K	R	V	M	I	L	F	Y	W
C	12	-3	-3	0	-2	-2	-5	-5	-4	-5	-3	-5	-4	-2	-5	-2	-6	-4	0	-8
G	-3	5	-1	1	1	0	1	0	0	-1	-2	-2	-3	-1	-3	-3	-4	-5	-5	-7
P	-3	-1	6	1	1	0	-1	-1	-1	0	0	-1	0	-1	-2	-2	-3	-5	-5	-6
S	0	1	1	1	1	1	0	0	1	-1	-1	0	0	-1	-2	-1	-3	-3	-3	-2
A	-2	1	1	1	2	1	0	0	0	0	-1	-1	-2	0	-1	-1	-2	-4	-3	-6
T	-2	0	0	1	1	3	0	0	0	-1	-1	0	-1	0	-1	0	-2	-3	-3	-5
D	-5	1	-1	0	0	0	4	3	2	2	1	0	-1	-2	-3	-2	-4	-6	-4	-7
E	-5	0	-1	0	0	0	3	4	1	2	1	0	-1	-2	-2	-2	-3	-5	-4	-7
N	-4	0	-1	1	0	0	2	1	2	1	2	1	0	-2	0	-2	-3	-4	-2	-4
Q	-5	-1	0	-1	0	-1	2	2	1	4	3	1	1	-2	-1	-2	-2	-5	-4	-5
H	-3	-2	0	-1	-1	-1	1	1	2	3	6	0	2	-2	-2	-2	-2	-2	0	-3
K	-5	-2	-1	0	-1	0	0	0	1	1	0	5	3	-2	0	-2	-3	-5	-4	-3
R	-4	-3	0	0	-2	-1	-1	-1	0	1	2	3	6	-2	0	-2	-3	-4	-5	2
V	-2	-1	-1	-1	0	0	-2	-2	-2	-2	-2	-2	-2	4	2	4	2	-1	-2	-6
M	-5	-3	-2	-2	-1	-1	-3	-2	0	-1	-2	0	0	2	6	2	4	0	-2	-4
I	-2	-3	-2	-1	-1	0	-2	-2	-2	-2	-2	-2	-2	4	2	5	2	1	-1	-5
L	-6	-4	-3	-3	-2	-2	-4	-3	-3	-2	-2	-3	-3	2	4	2	6	2	-1	-2
F	-4	-5	-5	-3	-4	-3	-6	-5	-4	-5	-2	-5	-4	-1	0	1	2	9	7	0
Y	0	-5	-5	-3	-3	-3	-4	-4	-2	-4	0	-4	-5	-2	-2	-1	-1	7	10	0
W	-8	-7	-6	-2	-6	-5	-7	-7	-4	-5	-3	-3	2	-6	-4	-5	-2	0	0	17
