Genus	Ombre5	Psomagen1b	Psomagen2	Psomagen3	Psomagen4	thryve2	thryve3a	thryve3b	thryve4	Kean5	Psomagen1a
Archaea_unclassified	0	0	0	0	0.00517759138448794	0	0	0	0	0	0
Actinobacteria_unclassified	0	0	0	0	0.00517759138448794	0	0	0	0	0.00120781334452574	0
Actinomyces	0.0140698426991586	0	0	0.00881600987393106	0.0103551827689759	0	0	0.00476235831983998	0	0.00664297339489155	0.00114676707249479
Mobiluncus	0.0112558741593269	0	0	0	0	0	0	0	0	0.00785078673941729	0
Bifidobacteriaceae_unclassified	0.0112558741593269	0	0	0.00881600987393106	0.0103551827689759	0	0	0	0.00265244953714756	0.00241562668905147	0.00152902276332639
Bifidobacterium	0.0675352449559614	0.00508362564180774	0.00706913615156228	0	0.0673086879983432	0.014099258781824	0.00550478916657492	0.0238117915991999	0.164451871303148	0.0733746606799385	0.021788574377401
Corynebacterium_1	0.0196977797788221	0	0	0	0	0	0	0	0	0.0612965272346812	0
Lawsonella	0.00281396853983172	0	0	0	0	0	0	0	0	0.00875664674781159	0
Brevibacterium	0.0196977797788221	0	0	0	0	0	0	0	0	0.0332148669744578	0
Paenarthrobacter	0	0	0	0	0	0	0	0	0.00265244953714756	0	0
Collinsella	0	0	0	0.00881600987393106	0	0.00201417982597486	0	0	0	0	0
Coriobacteriales_unclassified	0	0.00508362564180774	0.00706913615156228	0.00881600987393106	0.0103551827689759	0	0	0	0	0.000301953336131434	0
Adlercreutzia	0.00844190561949517	0.020334502567231	0.0636222253640605	0.0617120691175174	0.170860515688102	0.00604253947792459	0.00550478916657492	0.00952471663967997	0.0344818439829182	0.0452930004197151	0.0309627109573594
DNF00809	0.00281396853983172	0	0	0	0	0.00201417982597486	0	0.00238117915991999	0.00265244953714756	0.000603906672262869	0
Eggerthella	0.030953653938149	0.00508362564180774	0.00706913615156228	0.0264480296217932	0.0569535052293673	0.00805671930389945	0.00550478916657492	0.0119058957996	0.0689636879658364	0.032007053629932	0.0191127845415799
Eggerthellaceae_unclassified	0	0.00508362564180774	0.0212074084546868	0.0705280789914485	0.0258879569224397	0	0	0.00238117915991999	0.00265244953714756	0.00392539336970864	0.00191127845415799
Gordonibacter	0.00562793707966345	0	0.0212074084546868	0.0264480296217932	0.0414207310759035	0.00402835965194973	0	0.00238117915991999	0.00530489907429511	0.00694492673102299	0.00229353414498958
Slackia	0	0	0	0	0.00517759138448794	0	0	0	0	0	0
Bacteroidetes_unclassified	0.00562793707966345	0.0610035077016928	0.134313586879683	0.132240148108966	0.0258879569224397	0.00604253947792459	0.00275239458328746	0	0	0.0129839934536517	0.0149079719424323
Bacteroides	46.3573177251878	41.1316150678664	38.7176587021066	34.7703429427841	8.53784819302061	54.5319046084434	38.1894748431135	34.3080293361272	9.01832842630169	51.1979998611015	48.4134477552035
Bacteroidales_unclassified	0.154768269690745	5.07345839052412	5.40788915594514	5.11328572688001	1.57916537226882	0.195375443119562	0.209181988329847	0.157157824554719	0.0928357338001645	0.407335050441305	0.62231226467384
Barnesiella	0	0	0	0	0	0.00402835965194973	0	0	0	0	0
Dysgonomonadaceae_unclassified	0	0	0.00706913615156228	0	0	0	0	0	0	0	0
Butyricimonas	0.264513042744182	0.355853794926542	0.141382723031246	0.537776602309795	0.419384902143523	0.235659039639059	0.225696355829572	0.180969616153919	0.270549852789051	0.36838307008035	0.620018730528851
Marinifilaceae_unclassified	0	0	0	0.00881600987393106	0.00517759138448794	0	0	0	0	0.000301953336131434	0.000382255690831597
Odoribacter	0.160396206770408	0.320268415433887	0.240350629153118	0.202768227100414	0.129439784612198	0.286013535288431	0.264229879995596	0.197637870273359	0.153842073154558	0.200497015191272	0.810382064562986
Muribaculaceae_ge	0	0	0	0	0	0.00201417982597486	0	0	0.00265244953714756	0	0.000382255690831597
H1	0	0	0.00706913615156228	0.0440800493696553	0	0	0	0	0	0	0
Paludibacteraceae_unclassified	0	0.0101672512836155	0	0.0264480296217932	0	0	0	0	0	0	0
Porphyromonas	0.199791766328052	0	0	0	0	0	0	0	0	0.314031469576692	0.000382255690831597
Paraprevotella	0	0	0	0	0	0	0	0	0.00265244953714756	0	0.000764511381663194
Prevotella	0.661282606860455	0	0	0	0	0	0	0.00238117915991999	0.00265244953714756	0.394049103651522	0.00191127845415799
Prevotella_2	0	0	0	0	0	0.00201417982597486	0.00275239458328746	0	0	0	0
Prevotella_6	0	0	0	0	0.00517759138448794	0	0.00275239458328746	0	0	0.00301953336131434	0
Prevotella_9	0.050651433716971	0	0	0.0264480296217932	0	0.0120850789558492	0.0330287349994495	0.0452424040384799	0.00795734861144267	0.0111722734368631	0
Prevotellaceae_Ga6A1_group	0	0.00508362564180774	0	0	0	0	0	0	0	0	0
Prevotellaceae_unclassified	0.0168838112389903	0	0.00706913615156228	0	0	0	0	0	0	0.0135879001259145	0
Alistipes	1.65742746996089	1.98769762594683	2.69334087374523	5.26315789473684	6.17168893030962	3.06759587495972	3.94142904326764	4.41946852081151	7.2120102915042	1.74408246949516	4.13294852927123
Mucinivorans	0	0	0	0.00881600987393106	0	0	0	0	0	0	0
Rikenellaceae_unclassified	0	0.101672512836155	0.106037042273434	0.220400246848276	0.289945117531324	0.00805671930389945	0.0192667620830122	0.0119058957996	0.0397867430572133	0.0307992402854063	0.131113701955238
Parabacteroides	0.559979739426513	0.167759646179655	0.438286441396861	0.105792118487173	0.077663870767319	0.453190460844344	0.327534955411208	0.302409753309839	0.106097981485902	0.55166874511213	0.561151354140785
Tannerellaceae_unclassified	0.00281396853983172	0.0762543846271161	0.049483953060936	0.0352640394957242	0.0258879569224397	0	0.0110095783331498	0.00238117915991999	0	0.00150976668065717	0.00305804552665278
Bacteroidia_unclassified	0.0731631820356248	1.56067307203498	1.77435317404213	1.63096182667725	1.10282696489593	0.112794070254592	0.15138170208081	0.10953424135632	0.0344818439829182	0.129236027864254	0.143728139752681
Gastranaerophilales_ge	0	0	0	0.0969761086132416	0.00517759138448794	0	0.211934382913134	0.159539003714639	0.0159146972228853	0.000905860008394303	0
Chloroplast_ge	0	0	0	0	0	0	0	0	0.00795734861144267	0	0.0126144377974427
Bacilli_unclassified	0	0.00508362564180774	0	0	0.00517759138448794	0	0	0	0	0.000603906672262869	0
Carnobacteriaceae_unclassified	0	0	0	0	0	0	0	0.00238117915991999	0	0.000603906672262869	0
Granulicatella	0.00281396853983172	0.00508362564180774	0	0.00881600987393106	0.0103551827689759	0	0	0	0	0.00181172001678861	0.00229353414498958
Enterococcus	0	0	0	0	0	0	0	0	0.00265244953714756	0	0
Tetragenococcus	0.00844190561949517	0	0	0	0	0	0	0	0	0	0
Lactobacillus	0.00281396853983172	0	0	0	0	0.00201417982597486	0.00275239458328746	0	0	0.000603906672262869	0.000382255690831597
Lactobacillales_unclassified	0	0	0	0	0.0207103655379517	0	0	0.00238117915991999	0.0132622476857378	0.000905860008394303	0
Lactococcus	0.0281396853983172	0	0	0	0	0	0.0220191566662997	0.0119058957996	0.0397867430572133	0.00694492673102299	0.000382255690831597
Streptococcaceae_unclassified	0.00281396853983172	0	0	0	0	0	0	0	0.00530489907429511	0.00150976668065717	0.000764511381663194
Streptococcus	0.123814615752596	0.0152508769254232	0	0	0.129439784612198	0.0382694166935224	0.0192667620830122	0.0571482998380798	0.307684146309116	0.0588809005456297	0.0110854150341163
Clostridia_unclassified	0.298280665222163	0.0508362564180774	0.0282765446062491	0.0705280789914485	0.165682924303614	0.29809861424428	0.511945392491468	0.561958281741118	4.42428582796212	0.00664297339489155	0.0103209036524531
Catabacter	0	0	0	0	0	0.00201417982597486	0.00275239458328746	0.00476235831983998	0.0185671467600329	0.00301953336131434	0.00305804552665278
Christensenellaceae_R-7_group	0.562793707966345	0.208428651314117	0.296903718365616	0.634752710923036	0.973387180283732	0.326297131807928	1.24958714081251	1.33107915039528	2.46943051908437	0.58729923877564	0.58867376388066
Christensenellaceae_unclassified	0	0.0305017538508464	0.049483953060936	0.16750418760469	0.155327741534638	0	0.00275239458328746	0.00476235831983998	0	0.0875664674781159	0.262227403910476
Clostridiaceae_1_unclassified	0.00562793707966345	0	0.00706913615156228	0	0	0.00201417982597486	0	0	0	0	0
Clostridium_sensu_stricto_1	0.00281396853983172	0	0	0	0	0.0181276184337738	0	0.00238117915991999	0	0	0
Clostridiales_unclassified	0.315164476461153	0.442275430837273	0.424148169093737	0.793440888653795	0.875012943978461	0.269900096680632	0.558736100407354	0.711972568816078	0.989363677356038	0.392237383634733	0.470174499722865
Clostridiales_vadinBB60_group_ge	0.00281396853983172	0.0762543846271161	0.15552099533437	0.696464780040554	0.274412343377861	0.088623912342894	0.143124518330948	0.226212020192399	0.363385586589215	0.013889853462046	0.750367921102425
Defluviitaleaceae_UCG-011	0	0	0	0	0.0207103655379517	0	0	0	0	0.00634102005876012	0.000764511381663194
Anaerofustis	0	0	0	0	0	0	0.00275239458328746	0.00238117915991999	0.00265244953714756	0.00241562668905147	0.00152902276332639
Anaerococcus	0.0281396853983172	0	0	0	0	0	0	0	0	0.0338187736467206	0
Ezakiella	0.211047640487379	0	0	0	0	0	0	0	0	0.325807649685818	0.000382255690831597
Finegoldia	0.0844190561949517	0	0	0	0	0	0	0	0	0.059786760554024	0
Murdochiella	0.315164476461153	0	0	0	0	0	0.00550478916657492	0	0	0.0455949537558466	0
Peptoniphilus	0.0956749303542786	0	0	0	0	0	0	0	0.0106097981485902	0.0905860008394303	0.000764511381663194
Family_XIII_AD3011_group	0.0168838112389903	0.0152508769254232	0	0	0.129439784612198	0.0161134386077989	0.0302763404161621	0.0380988665587199	0.164451871303148	0.0465008137642409	0.0359320349381701
Family_XIII_UCG-001	0.0112558741593269	0.0101672512836155	0.00706913615156228	0	0	0.0120850789558492	0	0.00238117915991999	0	0.00543516005036582	0.00764511381663195
Family_XIII_ge	0	0	0	0	0	0	0	0	0.00265244953714756	0.00422734670584008	0.000764511381663194
Family_XIII_unclassified	0.00844190561949517	0.00508362564180774	0	0.00881600987393106	0.160505332919126	0.014099258781824	0.0247715512495871	0.0190494332793599	0.220153311583247	0.0371402603441664	0.0565738422430764
Mogibacterium	0.0112558741593269	0	0	0	0	0	0	0	0	0.00120781334452574	0
S5-A14a	0.0337676224779807	0	0	0	0	0	0	0	0	0.0199289201846747	0.000382255690831597
Agathobacter	0.937051523763964	2.78582685171064	2.77817050756398	3.81733227541215	0	5.73638414437641	7.68468567653859	9.57234022287837	0.0371342935200658	1.62964215510135	6.67838917451884
Anaerosporobacter	0	0	0	0	0	0.00201417982597486	0	0	0	0	0
Anaerostipes	0.149140332611081	0.162676020537848	0.0848296338187473	0.0176320197478621	0.0569535052293673	0.245729938768933	0.129362545414511	0.10239070387656	0.14057982546882	0.188116928409884	0.249612966113033
Blautia	5.76863550665504	0.884550861674546	0.848296338187474	0.934497046636692	2.52666459563011	2.49355462455688	4.10932511284818	4.39565672921231	11.989071907907	5.39741588334939	1.37153341870377
CAG-56	0	0	0	0.00881600987393106	0	0.00201417982597486	0.00275239458328746	0.0214306124392799	0.0397867430572133	0.000905860008394303	0.00535157967164236
Coprococcus_1	0.0112558741593269	0	0	0	0	0.00201417982597486	0.00550478916657492	0.00238117915991999	0.0106097981485902	0	0
Coprococcus_2	0.0112558741593269	0	0	0	0	0	0	0	0	0	0
Coprococcus_3	0.0112558741593269	0	0	0	0	0.00201417982597486	0	0.00714353747975998	0.0106097981485902	0.00664297339489155	0
Cuneatibacter	0	0.00508362564180774	0.00706913615156228	0	0	0	0	0	0	0.00211367335292004	0.000382255690831597
Dorea	0	0.0152508769254232	0.00706913615156228	0.00881600987393106	0.0517759138448794	0.00805671930389945	0.00275239458328746	0.00952471663967997	0	0	0
Eisenbergiella	0.0112558741593269	0.0610035077016928	0.0636222253640605	0.0617120691175174	0.0103551827689759	0.00201417982597486	0.00550478916657492	0.0166682541194399	0.0185671467600329	0.0468027671003723	0.0183482731599167
Fusicatenibacter	1.48014745195149	0.69645671292766	0.388802488335925	0.687648770166623	0	0.962777956815985	1.69822745788836	2.49071340127631	0	0.795948994042461	1.21366181839032
GCA-900066575	0.0900469932746152	0.0101672512836155	0.00706913615156228	0.00881600987393106	0	0.0483403158233967	0.101838599581636	0.0809600914372797	0.116707779634492	0.0449910470835837	0.025611131285717
GCA-900066755	0.00844190561949517	0	0	0.00881600987393106	0.0155327741534638	0	0.00275239458328746	0.00476235831983998	0.0132622476857378	0.00936055342007446	0.00496932398081076
Hungatella	0.0450234966373076	0.0254181282090387	0.0141382723031246	0.0440800493696553	0.0569535052293673	0.0503544956493716	0.0688098645821865	0.1428707495952	0.132622476857378	0.0353285403273778	0.0565738422430764
Lachnoclostridium	1.6855671553592	0.228763153881348	0.318111126820303	0.229216256722208	0.113907010458735	1.21455043506284	0.602774413739954	0.759596152014478	0.740033420864168	0.918542048511823	0.508017813115193
Lachnoclostridium_5	0	0.0152508769254232	0	0	0	0	0	0	0	0	0
Lachnospira	0.00562793707966345	0.0457526307762696	0.0212074084546868	0.00881600987393106	0.0103551827689759	0.00402835965194973	0.0110095783331498	0.00238117915991999	0.00265244953714756	0.686641886362881	1.22092467651612
Lachnospiraceae_FCS020_group	0	0	0	0	0.00517759138448794	0	0	0.00952471663967997	0	0.00301953336131434	0.00191127845415799
Lachnospiraceae_ND3007_group	0.590933393364662	0.00508362564180774	0	0	0	0.147035127296165	0.192667620830122	0.10477188303648	0.0212195962971804	0.196269668485432	0.112765428795321
Lachnospiraceae_NK4A136_group	0.171652080929735	0.188094148746886	0.120175314576559	0.255664286344001	0.00517759138448794	0.0785530132130197	0.123857756247936	0.200019049433279	0	0.442361637432551	0.604728502895587
Lachnospiraceae_NK4B4_group	0.00281396853983172	0	0	0.0176320197478621	0.0155327741534638	0	0.0412859187493119	0.0428612248785599	0.00795734861144267	0.0141918067981774	0
Lachnospiraceae_UCG-004	0.32642035062048	0.116923389761578	0.0918987699703096	0.0352640394957242	0	0.324282951981953	0.198172409996697	0.176207257834079	0.00795734861144267	0.184795441712438	0.202595516140747
Lachnospiraceae_UCG-010	0.0562793707966345	0.020334502567231	0.0141382723031246	0	0	0.0624395746052208	0.071562259165474	0.11191542051624	0.0159146972228853	0.100852414267899	0.115058962940311
Lachnospiraceae_ge	1.48296142049132	0.101672512836155	0.0848296338187473	0.16750418760469	0.217458838148493	0.860054785691266	1.88539028955191	1.70016192018287	1.31031007135089	1.38656971951555	0.38760727050324
Lachnospiraceae_unclassified	5.52382024368968	2.91800111839764	2.77110137141241	3.83496429516001	2.05550377964171	3.78061553335482	6.28922162281185	6.86970187636918	3.42165990292035	4.55285240218977	3.45062212113683
Lactonifactor	0	0	0	0	0	0	0	0.00238117915991999	0	0.00120781334452574	0.00305804552665278
Marvinbryantia	0.00562793707966345	0.00508362564180774	0	0.0176320197478621	0.0465983224603914	0.00805671930389945	0.0137619729164373	0.00476235831983998	0.0371342935200658	0.12621649450294	0.0267578983582118
Pseudobutyrivibrio	0	0.0660871333435006	0.0565530892124982	0.114608128361104	0	0	0	0	0	0	0
Roseburia	0.0196977797788221	0.0762543846271161	0.332249399123427	0.617120691175174	0	0.58814050918466	0.803699218319938	0.638156014858558	0.00530489907429511	0.0111722734368631	0.230117925880622
Sellimonas	0.0196977797788221	0.020334502567231	0.0141382723031246	0.00881600987393106	0.0155327741534638	0.0543828553013213	0.107343388748211	0.0761977331174398	0.0185671467600329	0.0141918067981774	0.0122321821066111
Shuttleworthia	0.0534654022568028	0.00508362564180774	0	0.0176320197478621	0	0.0261843377376732	0.0412859187493119	0.0309553290789599	0.00795734861144267	0.0190230601762804	0.00420481259914757
Sporobacterium	0	0.00508362564180774	0	0	0	0	0	0	0	0	0
Tyzzerella	0.154768269690745	0.0813380102689238	0.049483953060936	0.0176320197478621	0	0.0664679342571705	0.115600572498073	0.10477188303648	0.0132622476857378	0.419413183886562	0.204506794594905
Tyzzerella_4	0	0	0	0	0.0103551827689759	0	0	0	0	0	0
UC5-1-2E3	0.00844190561949517	0.00508362564180774	0.00706913615156228	0	0	0.00604253947792459	0.00825718374986238	0.00714353747975998	0	0.00845469341168016	0.00802736950746354
Peptococcaceae_unclassified	0	0.020334502567231	0.0141382723031246	0.00881600987393106	0.0103551827689759	0	0	0.00238117915991999	0	0.0431793270667951	0.0565738422430764
Peptococcus	0	0	0.00706913615156228	0	0	0	0	0	0	0.0147957134704403	0.0240821085223906
Intestinibacter	0	0	0	0	0	0	0.00275239458328746	0.00238117915991999	0	0.000301953336131434	0.000382255690831597
Peptostreptococcaceae_unclassified	0	0	0	0	0	0	0	0.00238117915991999	0	0	0
Romboutsia	0	0	0	0	0	0	0	0.00476235831983998	0.00265244953714756	0	0
Acetanaerobacterium	0.00844190561949517	0	0	0.00881600987393106	0	0.00201417982597486	0.0110095783331498	0.00476235831983998	0.00530489907429511	0.00392539336970864	0.00191127845415799
Anaerofilum	0.00281396853983172	0.0101672512836155	0	0	0	0.00402835965194973	0.0165143674997248	0.00952471663967997	0	0.0111722734368631	0.0221708300682326
Anaerotruncus	0.574049582125672	0.0508362564180774	0.0777604976671851	0.0617120691175174	0.217458838148493	0.151063486948115	0.225696355829572	0.316696828269359	0.830216705127185	0.116252034410602	0.0508400068806024
Angelakisella	0.050651433716971	0.00508362564180774	0.0424148169093737	0.0352640394957242	0.0465983224603914	0.044311956171447	0.15138170208081	0.14525192875512	0.14057982546882	0.0265718935795662	0.0263756426673802
Butyricicoccus	0.191349860708557	0.0254181282090387	0.0353456807578114	0.0264480296217932	0.0155327741534638	0.205446342249436	0.123857756247936	0.0452424040384799	0.0212195962971804	0.098738740914979	0.0405191032281493
Candidatus_Soleaferrea	0.00562793707966345	0.00508362564180774	0	0.00881600987393106	0.00517759138448794	0.00402835965194973	0	0.00476235831983998	0.0265244953714756	0.00724688006715442	0.00305804552665278
Caproiciproducens	0.00562793707966345	0.020334502567231	0.0141382723031246	0.0176320197478621	0.0362431396914156	0	0	0.00238117915991999	0.0106097981485902	0.000301953336131434	0.000764511381663194
DTU089	0	0.00508362564180774	0.00706913615156228	0.0176320197478621	0.00517759138448794	0.00201417982597486	0.0110095783331498	0.01428707495952	0.0610063393543938	0.00573711338649725	0.0141434605607691
Faecalibacterium	5.17770211329037	4.19907478013319	3.03265940902022	1.72793793529049	0.00517759138448794	6.76563003544956	6.70483320488825	4.94570911515382	0.0636587888915413	3.68956781419	8.43867663079834
Fastidiosipila	0.123814615752596	0	0	0	0	0	0	0	0	0.0147957134704403	0
Flavonifractor	0.332048287700143	0.0508362564180774	0.197935812243744	0.0969761086132416	0.0465983224603914	0.0926522719948437	0.066057469998899	0.0428612248785599	0.10875043102305	0.327015463030343	0.167810248275071
Fournierella	0.0253257168584855	0.00508362564180774	0	0.0352640394957242	0.0207103655379517	0.0120850789558492	0.00275239458328746	0.01428707495952	0.00530489907429511	0.000905860008394303	0.000764511381663194
GCA-900066225	0.00844190561949517	0	0	0	0.0207103655379517	0.00201417982597486	0	0.00476235831983998	0.0106097981485902	0.0153996201427031	0.00917413657995833
Harryflintia	0	0	0	0	0	0	0.00550478916657492	0	0	0.00150976668065717	0.000764511381663194
Hydrogenoanaerobacterium	0.14632636407125	0.0152508769254232	0.0282765446062491	0.0528960592435864	0.155327741534638	0.104737350950693	0.15138170208081	0.195256691113439	0.949576934298825	0.0350265869912464	0.0263756426673802
Intestinimonas	0.346118130399302	0.0813380102689238	0.176728403789057	0.158688177730759	0.227814020917469	0.147035127296165	0.277991852912033	0.240499095151919	0.461526219463675	0.232806022157336	0.134554003172722
Negativibacillus	0.565607676506177	0.020334502567231	0.0424148169093737	0.105792118487173	0.0103551827689759	0.0604253947792459	0.233953539579434	0.366701590627679	0.0583538898172462	0.143427834662431	0.0309627109573594
Oscillibacter	0.354560036018797	0.0915052615525393	0.226212356849993	0.176320197478621	0.0517759138448794	0.134950048340316	0.165143674997248	0.171444899514239	0.122012678708788	0.841543947798307	0.738135738995814
Oscillospira	0.0562793707966345	0.020334502567231	0.0777604976671851	0.0176320197478621	0	0.0664679342571705	0.00825718374986238	0.00952471663967997	0	0.0510301138062124	0.108560616196174
Papillibacter	0	0	0	0	0	0.00402835965194973	0.00275239458328746	0	0	0	0
Phocea	0.0337676224779807	0.0101672512836155	0	0	0	0.0181276184337738	0.035781129582737	0.0119058957996	0.0106097981485902	0.00483125337810295	0.00305804552665278
Pseudoflavonifractor	0.00844190561949517	0.0711707589853083	0.0565530892124982	0.0528960592435864	0.0155327741534638	0.00201417982597486	0.0165143674997248	0.00476235831983998	0	0.0365363536719035	0.0271401540490434
Ruminiclostridium	0	0.00508362564180774	0	0	0.00517759138448794	0	0	0.00952471663967997	0	0.00724688006715442	0.00344030121748438
Ruminiclostridium_1	0	0.00508362564180774	0	0	0	0	0	0	0	0	0.00114676707249479
Ruminiclostridium_5	0.939865492303796	0.0254181282090387	0.0212074084546868	0.0176320197478621	0.310655483069276	0.312197873026104	0.583507651656942	0.471473473664158	2.89647489456513	0.52207731817125	0.101680013761205
Ruminiclostridium_6	1.1002616990742	0.218595902597733	0.226212356849993	0.308560345587587	0.346898622760692	1.18836609732517	1.41748321039304	0.916753976569197	0.870003448184398	2.28457894117043	0.450297203799622
Ruminiclostridium_9	0.852632467569013	0.198261400030502	0.141382723031246	0.326192365335449	0.0517759138448794	0.189332903641637	0.484421446658593	0.433374607105439	0.206891063897509	0.656144599413607	0.573383536247396
Ruminococcaceae_NK4A214_group	0.121000647212764	0.0508362564180774	0.0353456807578114	0.185136207352552	0.134617375996686	0.0402835965194973	0.123857756247936	0.161920182874559	0.36869048566351	0.299537709442383	0.168574759656734
Ruminococcaceae_UCG-001	0	0.00508362564180774	0	0	0	0	0	0	0	0	0
Ruminococcaceae_UCG-002	0.16321017531024	0.116923389761578	0.0848296338187473	0.290928325839725	0.517759138448794	0.15307766677409	0.187162831663547	0.311934469949519	1.2997002732023	0.327317416366475	0.285162745360372
Ruminococcaceae_UCG-003	0.50651433716971	0.421940928270042	0.205004948395306	0.449616503570484	0.12426219322771	0.171205285207863	0.473411868325443	0.702447852176398	0.302379247234821	0.608737925640971	0.93346839701076
Ruminococcaceae_UCG-004	0.205419703407716	0.020334502567231	0	0.00881600987393106	0.0103551827689759	0.0906380921688688	0.214686777496422	0.13572721211544	0.212195962971804	0.131651654553305	0.0447239158272969
Ruminococcaceae_UCG-005	0.18009398654923	0.0610035077016928	0.0282765446062491	0.00881600987393106	0.434917676296987	0.0483403158233967	0.0633050754156116	0.159539003714639	0.999973475504629	0.189324741754409	0.0852430190554462
Ruminococcaceae_UCG-007	0	0	0	0	0	0	0.00275239458328746	0.00238117915991999	0.00265244953714756	0.00664297339489155	0.00191127845415799
Ruminococcaceae_UCG-010	0.0393955595576441	0.00508362564180774	0.0282765446062491	0.00881600987393106	0.00517759138448794	0.0825813728649694	0.071562259165474	0.0738165539575198	0.111402880560197	0.0211367335292004	0.0500754954989392
Ruminococcaceae_UCG-011	0	0.00508362564180774	0	0	0	0	0	0.00952471663967997	0.00795734861144267	0	0
Ruminococcaceae_UCG-013	1.76998621155415	0.0762543846271161	0.0636222253640605	0.141056157982897	0.12426219322771	0.58411214953271	1.29913024331168	1.29536146299648	0.517227659743773	1.05653472312389	0.205271305976568
Ruminococcaceae_UCG-014	0.08160508765512	0.0254181282090387	0.106037042273434	0.0617120691175174	0.0673086879983432	0.328311311633903	0.319277771661345	0.290503857510239	0.14057982546882	0.110514921024105	0.128437912119417
Ruminococcaceae_ge	0.458676871992571	0.0610035077016928	0.0282765446062491	0.0881600987393106	0.409029719374547	0.088623912342894	0.126610150831223	0.178588436993999	1.34213946579666	0.4399460107435	0.199919726304925
Ruminococcaceae_unclassified	2.76050313757492	1.80977072848355	1.79556058249682	2.16873842898704	5.62804183493839	1.81679020302933	2.38632610371023	2.52166873035527	14.1508182806822	2.04392213227368	1.29278874639246
Ruminococcus_1	1.67993921827954	0.371104671851965	0.134313586879683	0.0528960592435864	0.0621310966138552	3.77054463422494	2.51844104370803	2.41689684731879	0.373995384737805	2.04754557230726	2.52097628103438
Ruminococcus_2	2.35529166783915	0.635453205225967	0.65036052594373	0.740544829410209	0.12426219322771	2.40895907186594	3.23681602994605	4.6337746452043	0	2.05449049903828	1.94300567649701
Subdoligranulum	0.937051523763964	0.376188297493773	0.445355577548424	0.784624878779864	0.0258879569224397	0.553899452143087	1.20004403831333	1.58586532050672	0.233415559268985	0.949945195469492	0.862751094206915
UBA1819	0.0703492134957931	0	0.0565530892124982	0.0264480296217932	0.0983742363052708	0.0422977763454721	0.0770670483320489	0.0690541956376798	0.257287605103313	0.0914918608478246	0.0214063186865694
Syntrophomonadaceae_unclassified	0	0	0	0	0	0.00201417982597486	0.00550478916657492	0	0	0	0
DTU014_ge	0	0.00508362564180774	0.0212074084546868	0.00881600987393106	0.077663870767319	0	0	0	0	0.0751863806967271	0.1028267808337
Candidatus_Stoquefichus	0.0225117483186538	0.020334502567231	0.00706913615156228	0	0	0.00604253947792459	0.00825718374986238	0.0238117915991999	0.00265244953714756	0.0371402603441664	0.0344030121748438
Coprobacillus	0.00281396853983172	0	0	0	0	0	0.00550478916657492	0	0	0	0.00114676707249479
Dielma	0	0	0	0	0.0155327741534638	0.00604253947792459	0	0.00476235831983998	0.0318293944457707	0.00452930004197151	0.00573383536247396
Erysipelatoclostridium	0.050651433716971	0.020334502567231	0	0.0176320197478621	0.0103551827689759	0.0201417982597486	0.0275239458328746	0.0238117915991999	0.0769210365772791	0.0398578403693493	0.0282869211215382
Erysipelotrichaceae_UCG-003	0.323606382080648	0.0711707589853083	0.0353456807578114	0	0	0.420963583628746	0.0605526808323241	0.0357176873987999	0.0185671467600329	0.116252034410602	0.118499264157795
Erysipelotrichaceae_ge	0.00281396853983172	0	0.0141382723031246	0.0176320197478621	0.0103551827689759	0.00402835965194973	0.0165143674997248	0.00238117915991999	0.023872045834328	0.00754883340328586	0.00496932398081076
Erysipelotrichaceae_unclassified	0.00562793707966345	0	0.00706913615156228	0	0.119084601843223	0	0	0.00238117915991999	0.0291769449086231	0.0169093868233603	0.0103209036524531
Faecalitalea	0.00281396853983172	0.0254181282090387	0.049483953060936	0.0264480296217932	0.232991612301957	0.0563970351272962	0.0522954970824617	0.0523859415182398	0.437654173629347	0.00996446009233733	0.0282869211215382
Holdemanella	0	0	0	0	0	0.00201417982597486	0	0	0.00265244953714756	0	0
Holdemania	0.0365815910178124	0.020334502567231	0.0212074084546868	0.0176320197478621	0.0155327741534638	0.0261843377376732	0.035781129582737	0.0309553290789599	0.0291769449086231	0.0603906672262869	0.0458706828997917
Merdibacter	0	0	0	0	0.0103551827689759	0	0.00825718374986238	0.01428707495952	0.0557014402800987	0.00150976668065717	0.00764511381663195
Solobacterium	0	0	0	0	0.00517759138448794	0.00201417982597486	0	0	0.00530489907429511	0.000301953336131434	0
Turicibacter	0	0	0	0	0	0	0	0	0.00265244953714756	0	0.000382255690831597
Firmicutes_unclassified	0.0478374651771393	0.233846779523156	0.275696309910929	0.308560345587587	0.331365848607228	0.0422977763454721	0.123857756247936	0.10953424135632	0.34747088936633	0.0175132934956232	0.021788574377401
Acidaminococcus	0.00562793707966345	0	0	0	0	0.00201417982597486	0	0	0	0	0
Phascolarctobacterium	0.00562793707966345	0	0	0	0	0.00201417982597486	0.00275239458328746	0.00238117915991999	0	0	0
Dialister	0.0984888988941104	0.228763153881348	0.106037042273434	0.0881600987393106	0.17603810707259	0.255800837898808	0.071562259165474	0.0785789122773597	0.241372907880428	0.168188008225209	0.512987137096004
Megamonas	0	0	0.0353456807578114	0.00881600987393106	0	0	0	0	0	0	0
Megasphaera	0	0	0.00706913615156228	0	0	0	0.00275239458328746	0	0	0.000301953336131434	0
Veillonella	0	0	0.00706913615156228	0	0	0	0	0	0	0	0.00611609105330556
Veillonellaceae_unclassified	0.00562793707966345	0.00508362564180774	0.00706913615156228	0	0.00517759138448794	0	0.00275239458328746	0.00238117915991999	0.00265244953714756	0.00181172001678861	0.00114676707249479
Alphaproteobacteria_unclassified	0	0.172843271821463	0.15552099533437	0.0881600987393106	0.108729419074247	0	0	0	0	0	0
uncultured_ge	0	0	0	0	0	0	0	0.00476235831983998	0	0	0.000382255690831597
Mitochondria_ge	0	22.3527019470286	23.7947122861586	20.8057833024773	41.627834731283	0	0	0	0	0	0.000764511381663194
Rickettsiales_unclassified	0	0.203345025672309	0.212074084546868	0.16750418760469	0.315833074453764	0	0	0	0	0	0
Sphingomonas	0	0	0	0	0	0	0	0	0.00265244953714756	0	0
Deltaproteobacteria_unclassified	0	0	0.0141382723031246	0	0.00517759138448794	0	0	0	0	0.000301953336131434	0
Bilophila	0.818864845091032	0.0711707589853083	0.197935812243744	0.185136207352552	0.077663870767319	0.455204640670319	0.415611582076406	0.392894561386799	0.710856475955545	0.343622896517572	0.173926339328377
Desulfovibrio	0.00844190561949517	0	0.0424148169093737	0	0.0155327741534638	0.0362552368675475	0.0578002862490367	0.0166682541194399	0.100793082411607	0.000301953336131434	0.023699852831559
Desulfovibrionaceae_unclassified	0.00844190561949517	0.0457526307762696	0.0636222253640605	0.0440800493696553	0.0155327741534638	0.014099258781824	0.00825718374986238	0.0119058957996	0.00265244953714756	0.0543516005036582	0.0898300873454254
Mailhella	0	0	0.00706913615156228	0	0	0	0	0	0	0.000301953336131434	0.000382255690831597
Desulfovibrionales_unclassified	0	0	0.00706913615156228	0.00881600987393106	0	0	0.00275239458328746	0	0	0	0.000382255690831597
Betaproteobacteriales_unclassified	0.00281396853983172	0.0152508769254232	0.0424148169093737	0.0264480296217932	0.0155327741534638	0	0	0	0	0.0102664134284688	0.0133789491791059
Burkholderiaceae_unclassified	0.00281396853983172	0.0254181282090387	0.0282765446062491	0.00881600987393106	0.0155327741534638	0	0.00275239458328746	0.00476235831983998	0.0636587888915413	0.0117761801091259	0.0259933869765486
Oxalobacter	0	0	0	0	0.0207103655379517	0	0	0	0.00265244953714756	0.00422734670584008	0
Parasutterella	1.37884458451754	0.676122210360429	1.00381733352184	0.661200740544829	0.440095267681475	1.00306155333548	0.712870197071452	0.552433565101438	0.848783851887218	1.10726288359397	1.64713977179335
Ralstonia	0	0	0	0	0	0	0	0	0.0371342935200658	0	0
Sutterella	0.0112558741593269	0	0	0	0	0.00402835965194973	0.00275239458328746	0	0.00265244953714756	0.000301953336131434	0
Cronobacter	0	0	0	0	0.0673086879983432	0	0	0	0	0	0
Enterobacteriaceae_unclassified	0	0	0.0282765446062491	0	0.465983224603914	0	0	0	0.220153311583247	0	0.00458706828997917
Escherichia-Shigella	0.0112558741593269	0	0	0	0.481515998757378	0.00402835965194973	0	0	0.657807485212594	0.000905860008394303	0.0397545918464861
Pseudocitrobacter	0	0	0	0	0.00517759138448794	0	0	0	0	0	0
Raoultella	0	0	0.00706913615156228	0	0	0	0	0	0	0	0
Salmonella	0	0	0	0	0.077663870767319	0	0	0	0	0	0
Trabulsiella	0	0	0	0	0.0103551827689759	0	0	0	0	0	0
Gammaproteobacteria_unclassified	0	0.00508362564180774	0.0141382723031246	0.0264480296217932	0.103551827689759	0	0.00275239458328746	0	0.00530489907429511	0.000905860008394303	0.00114676707249479
Haemophilus	0.00281396853983172	0	0	0	0	0.00402835965194973	0	0.00238117915991999	0	0.000905860008394303	0.00382255690831597
Pasteurellaceae_unclassified	0	0	0	0	0	0.00604253947792459	0	0	0	0	0.00114676707249479
Proteobacteria_unclassified	0	5.76483147780997	6.19256326876856	5.82738252666843	13.7516827172	0	0	0	0	0.000301953336131434	0.00114676707249479
Izimaplasmatales_ge	0	0	0	0	0	0	0	0.00238117915991999	0	0	0
Mollicutes_RF39_ge	0.00562793707966345	0.162676020537848	0.049483953060936	0	1.6723620171896	0.199403802771511	0	0	2.73732792233628	0.00724688006715442	0.0244643642132222
Mollicutes_unclassified	0	0	0	0	0.0207103655379517	0	0	0	0.0159146972228853	0	0
Verrucomicrobiae_unclassified	0	0.00508362564180774	0.00706913615156228	0.0352640394957242	0.0310655483069276	0	0	0	0.00265244953714756	0.00211367335292004	0.00152902276332639
Akkermansia	3.7341362523567	0.340602918001118	0.523116075215609	1.46345763907256	3.19457388422906	0.916451820818563	4.85522404491908	5.05762453567006	21.678470067107	3.4658203921166	2.6505609602263
Verrucomicrobiales_unclassified	0.00281396853983172	0.0101672512836155	0.0212074084546868	0.0881600987393106	0.15015015015015	0	0.0137619729164373	0.00714353747975998	0.0159146972228853	0.00694492673102299	0.00764511381663195
Aphagea_fa_unclassified	0	0	0.00706913615156228	0	0	0	0	0	0	0	0
Distigma	0	0	0	0	0.00517759138448794	0	0	0	0	0	0
Euglenozoa_unclassified	0	0.0101672512836155	0	0.00881600987393106	0.00517759138448794	0	0	0	0	0	0
Mammalia_ge	0	0	0	0.0176320197478621	0	0	0	0	0	0	0
Varibaculum	0	0	0	0	0	0	0	0	0	0.00271758002518291	0
Corynebacteriaceae_unclassified	0	0	0	0	0	0	0	0	0	0.000301953336131434	0
Corynebacteriales_unclassified	0	0	0	0	0	0	0	0	0	0.00120781334452574	0
Millisia	0	0	0	0	0	0	0	0	0	0.00150976668065717	0
Microbacteriaceae_unclassified	0	0	0	0	0	0	0	0	0	0.000603906672262869	0
Pseudoclavibacter	0	0	0	0	0	0	0	0	0	0.00241562668905147	0
Rothia	0	0	0	0	0	0	0	0	0	0.000301953336131434	0
Micrococcales_unclassified	0	0	0	0	0	0	0	0	0	0.000905860008394303	0
Atopobiaceae_ge	0	0	0	0	0	0	0	0	0	0.000603906672262869	0
Enterorhabdus	0	0	0	0	0	0	0	0	0	0.000905860008394303	0.00191127845415799
Porphyromonadaceae_unclassified	0	0	0	0	0	0	0	0	0	0.000301953336131434	0
Alloprevotella	0	0	0	0	0	0	0	0	0	0	0.000382255690831597
Christensenellaceae_ge	0	0	0	0	0	0	0	0	0	0.0782059140580415	0.0672770015863611
Clostridium_sensu_stricto_3	0	0	0	0	0	0	0	0	0	0	0.000764511381663194
Defluviitaleaceae_unclassified	0	0	0	0	0	0	0	0	0	0.00452930004197151	0.00191127845415799
Family_XI_unclassified	0	0	0	0	0	0	0	0	0	0.000603906672262869	0
Helcococcus	0	0	0	0	0	0	0	0	0	0.000603906672262869	0
Cellulosilyticum	0	0	0	0	0	0	0	0	0	0	0.00496932398081076
Peptostreptococcus	0	0	0	0	0	0	0	0	0	0.000301953336131434	0
Pygmaiobacter	0	0	0	0	0	0	0	0	0	0.00543516005036582	0.00229353414498958
Ruminococcaceae_UCG-008	0	0	0	0	0	0	0	0	0	0.000301953336131434	0
Sporobacter	0	0	0	0	0	0	0	0	0	0	0.000382255690831597
Pelospora	0	0	0	0	0	0	0	0	0	0	0.00229353414498958
Erysipelotrichaceae_UCG-004	0	0	0	0	0	0	0	0	0	0	0.000382255690831597
Negativicoccus	0	0	0	0	0	0	0	0	0	0.00120781334452574	0
Saccharimonadaceae_ge	0	0	0	0	0	0	0	0	0	0	0.000382255690831597
Schlegelella	0	0	0	0	0	0	0	0	0	0.000301953336131434	0
Neisseriaceae_unclassified	0	0	0	0	0	0	0	0	0	0	0.000382255690831597
Klebsiella	0	0	0	0	0	0	0	0	0	0	0.00114676707249479
Pseudomonadaceae_unclassified	0	0	0	0	0	0	0	0	0	0	0.000764511381663194
Pseudomonas	0	0	0	0	0	0	0	0	0	0	0.00191127845415799
Mycoplasma	0	0	0	0	0	0	0	0	0	0.000301953336131434	0
